1403638127.295097 0.000000000 0.000000000 0.000000000 0.000000000 0.000000000 0.000000000 1.000000000
1403638128.345097065 -0.000347913 0.000106191 0.000016121 -0.000744493 0.000056900 0.000362789 0.999999655
1403638129.245096922 0.000356324 -0.008562992 -0.000000525 0.006438133 -0.000629060 0.003902009 0.999971464
1403638129.395097017 0.002406578 -0.031475274 -0.007904609 0.036142698 -0.010410395 0.056178877 0.997712014
1403638129.545096874 0.001683699 -0.038069759 -0.013306406 0.013849299 -0.011460983 0.043335965 0.998898812
1403638129.695096970 -0.000331714 -0.048342318 -0.014376565 0.002046954 -0.007839035 0.009929941 0.999917875
1403638129.845097065 -0.000418986 -0.071880355 -0.023033846 0.000363416 -0.010549299 0.010157168 0.999892700
1403638129.995097160 -0.011768437 -0.110042227 -0.035559105 -0.004444465 -0.013931424 0.004165053 0.999884401
1403638130.245096922 -0.014573685 -0.206089293 -0.076246405 0.015770123 -0.025796330 0.015080442 0.999429053
1403638130.695096970 -0.023593377 -0.378092824 -0.152551686 0.040148388 -0.038795828 0.025275744 0.998120297
1403638130.845097065 -0.023459998 -0.431263167 -0.172213189 0.050992936 -0.048699931 0.048854786 0.996313830
1403638131.295097113 -0.019956167 -0.392382983 -0.164457693 0.050440014 -0.037592401 0.026476010 0.997668100
1403638131.545096874 -0.015385046 -0.306308661 -0.132373786 0.044896500 -0.030603324 0.017869435 0.998362872
1403638131.695096970 -0.013592438 -0.243879831 -0.107942017 0.039340482 -0.029340094 0.011110981 0.998733213
1403638131.895097017 -0.000280363 -0.159655264 -0.079092487 0.036576444 -0.020392464 -0.004585448 0.999112248
1403638132.095097065 -0.000410553 -0.111620402 -0.064113874 0.022928461 -0.019476138 -0.031839669 0.999040140
1403638132.295097113 -0.013256913 -0.168945837 -0.085036262 0.035795547 -0.028509139 -0.024185406 0.998659589
1403638132.645097017 -0.015988919 -0.357014998 -0.170491087 0.082849927 -0.057021015 0.035570434 0.994293336
1403638132.795097113 -0.022838429 -0.398245683 -0.190296659 0.069068272 -0.059908810 0.039288334 0.995036148
1403638133.245096922 0.016321929 -0.356728232 -0.165387970 0.077557432 -0.049443507 0.029678937 0.995318715
1403638133.545096874 0.137854217 -0.279950993 -0.134259986 0.060870998 0.015393922 0.032562980 0.997495564
1403638136.395097017 0.226189529 -0.223470047 -0.133979803 0.027356299 0.133348865 0.052510155 0.989298942
1403638137.095097065 0.071596850 -0.253511746 -0.119257969 0.056855506 0.072700079 0.105566130 0.990120165
1403638137.245096922 0.022181746 -0.199560426 -0.081776225 0.037708818 0.065660689 0.084786281 0.993517995
1403638137.395097017 -0.006968098 -0.143455714 -0.050273320 0.023560610 0.061383263 0.071323356 0.995283865
1403638142.645097017 -0.032007245 0.035158312 0.004735254 -0.000897581 0.089062635 0.033655500 0.995456854
1403638143.695096970 -0.031870609 0.035126614 0.004726252 -0.000841446 0.089366378 0.033654426 0.995429717
1403638144.745096922 -0.031910512 0.035171278 0.004666367 -0.000856287 0.089314203 0.033543263 0.995438139
1403638147.895097017 -0.029465988 0.025246781 0.010825466 0.016631564 0.092620535 0.034712768 0.994957211
1403638148.145097017 -0.011900675 -0.013399951 0.028490372 0.040461348 0.094411795 0.033191188 0.994156747
1403638148.395097017 -0.013015912 -0.135785743 0.015487491 0.044074730 0.088094740 0.028881686 0.994717338
1403638148.995097160 -0.024222230 -0.235479144 0.059664851 0.022169036 0.076925111 0.022514764 0.996536074
1403638149.145097017 -0.038296952 -0.312289233 0.062196735 0.030613175 0.075800686 0.020370488 0.996444746
1403638149.295097113 -0.044962898 -0.377666720 0.073593461 0.034594904 0.074434716 0.022620377 0.996368900
1403638149.995097160 -0.101658994 -0.549665199 0.187525392 0.038115049 0.055679086 0.010951977 0.997660832
1403638150.945096970 -0.377155352 -0.626911567 0.455488078 0.022043085 0.010848317 -0.013284864 0.999609888
1403638151.295097113 -0.539040684 -0.696092387 0.589829571 0.032365582 -0.044909296 -0.040349547 0.997651010
1403638151.595097065 -0.707755117 -0.741102329 0.695547000 0.032287264 -0.112737252 -0.063776649 0.991050142
1403638152.095097065 -1.021476332 -0.930102912 0.835716699 0.029927226 -0.144094476 -0.080403222 0.985837951
1403638152.245096922 -1.126144809 -0.995361130 0.877461904 0.029659818 -0.142641962 -0.082532687 0.985881292
1403638152.745096922 -1.511692200 -1.083525040 1.066173333 0.026003905 -0.141672003 -0.084012387 0.985999371
1403638152.945096970 -1.685379530 -1.141679522 1.138458090 0.033479858 -0.166262147 -0.083017560 0.982010225
1403638153.195096970 -1.909177939 -1.227315237 1.216198046 0.023804569 -0.196578917 -0.096259724 0.975460987
1403638153.645097017 -2.317514896 -1.375917033 1.372357749 0.022029688 -0.246013465 -0.139671198 0.958897296
1403638153.845097065 -2.530505235 -1.452616732 1.442718266 0.027397187 -0.280564828 -0.148238412 0.947923069
1403638154.145097017 -2.871359434 -1.534689641 1.562631856 0.040571150 -0.304987413 -0.146322831 0.940173542
1403638154.395097017 -3.155699984 -1.566128880 1.671641738 0.059832383 -0.307885391 -0.143397213 0.938650047
1403638154.545096874 -3.322492298 -1.568256053 1.724726683 0.065748596 -0.308437764 -0.138851442 0.938756382
1403638154.895097017 -3.698079138 -1.590945645 1.769490979 0.049143855 -0.324153194 -0.157008887 0.931588857
1403638155.095097065 -3.916588141 -1.635630776 1.759966794 0.052005130 -0.341234904 -0.169233907 0.923154425
1403638155.345097065 -4.191088443 -1.673723121 1.724008790 0.063020494 -0.364498745 -0.172588208 0.912897800
1403638155.645097017 -4.506237321 -1.656132849 1.655634860 0.069975856 -0.404117211 -0.175584277 0.894965263
1403638155.895097017 -4.746955679 -1.600032220 1.584781805 0.063333258 -0.454881652 -0.183020564 0.869238204
1403638156.145097017 -4.961774277 -1.527602010 1.477519730 0.035228574 -0.505422252 -0.213388963 0.835327747
1403638156.445096970 -5.207734390 -1.501736144 1.337169320 0.015551589 -0.547072880 -0.234263499 0.803486170
1403638157.095097065 -5.812902130 -1.378665838 1.179931466 0.007896116 -0.551188090 -0.240664473 0.798880437
1403638157.645097017 -6.428682491 -1.377859359 1.109856649 0.028354933 -0.564556918 -0.248006630 0.786742776
1403638157.995097160 -6.844136434 -1.385800631 1.037805022 0.039141825 -0.616619945 -0.264418673 0.740493434
1403638158.395097017 -7.307853358 -1.385110791 0.963870355 0.027646838 -0.646011047 -0.269535399 0.713621783
1403638158.895097017 -7.868512552 -1.332605127 0.897181227 0.023333136 -0.643209521 -0.270717610 0.715855469
1403638159.295097113 -8.327807438 -1.353563036 0.828138314 -0.003705379 -0.632625208 -0.285314909 0.719977097
1403638159.595097065 -8.721217755 -1.377285688 0.788630275 0.029054348 -0.655048347 -0.225099291 0.720692595
1403638159.995097160 -9.124080217 -1.519192624 0.803250848 0.049853543 -0.655997022 -0.225894662 0.718438677
1403638160.395097017 -9.386092434 -1.797916103 0.812414836 0.023233102 -0.641799511 -0.271090178 0.716982375
1403638160.745096922 -9.612863349 -2.060400389 0.822152270 0.018757455 -0.641945533 -0.270781209 0.717099454
1403638161.045096874 -9.818031914 -2.267669759 0.859963280 0.035145489 -0.633852422 -0.227899592 0.738280216
1403638161.395097017 -10.008008555 -2.491554326 0.961223134 0.031026337 -0.568736396 -0.217979289 0.792503191
1403638161.795097113 -10.187445339 -2.689762497 1.114155886 0.015951995 -0.529702278 -0.210092538 0.821597320
1403638162.345097065 -10.422294356 -2.961104037 1.404863626 0.012254487 -0.506071897 -0.190143282 0.841181666
1403638162.745096922 -10.590561204 -3.189192564 1.660824399 0.021320095 -0.502051859 -0.198832742 0.841400573
1403638163.045096874 -10.695969277 -3.436610482 1.871841844 0.026572387 -0.498106913 -0.177074941 0.848426707
1403638163.395097017 -10.784148402 -3.648768138 2.182282202 0.036412611 -0.457982616 -0.172298331 0.871343405
1403638164.045096874 -10.841593971 -4.061359113 2.748281863 0.031954596 -0.422653114 -0.154026068 0.892535276
1403638164.295097113 -10.829196087 -4.278829846 2.935149797 0.031814528 -0.430011711 -0.144756277 0.890574750
1403638164.545096874 -10.785699615 -4.469975084 3.145172419 0.032164019 -0.435082965 -0.140707982 0.888746057
1403638164.795097113 -10.710221759 -4.639604719 3.383687150 0.039527785 -0.422927723 -0.143276590 0.893891220
1403638164.895097017 -10.670137684 -4.701185808 3.490167247 0.053506076 -0.413194110 -0.153255395 0.896058319
1403638165.145097017 -10.557113244 -4.833504785 3.732187284 0.057473366 -0.404197812 -0.133443431 0.903058023
1403638165.295097113 -10.477975514 -4.891669102 3.870963998 0.037002639 -0.393248731 -0.136437976 0.908499268
1403638165.395097017 -10.416888998 -4.926596719 3.971761202 0.028410839 -0.389791946 -0.132075067 0.910939756
1403638165.495097160 -10.351246688 -4.960041654 4.072753296 0.034692922 -0.386622681 -0.129430663 0.912451098
1403638165.645097017 -10.251949286 -5.001596615 4.228130160 0.060489704 -0.382308861 -0.127646243 0.913174336
1403638165.795097113 -10.134272022 -5.028607783 4.379554274 0.074243673 -0.379036694 -0.130517471 0.913117874
1403638165.945096970 -10.009274166 -5.059809904 4.519755877 0.059040307 -0.375612059 -0.140696370 0.914130382
1403638166.095097065 -9.871145954 -5.091270629 4.643614254 0.043340161 -0.372973527 -0.151017355 0.914443075
1403638166.245096922 -9.737023412 -5.152852629 4.752275452 0.039022334 -0.372661974 -0.160014130 0.913233699
1403638166.395097017 -9.606401491 -5.254835671 4.836432919 0.040323513 -0.373614651 -0.166063551 0.911706644
1403638166.695096970 -9.369555068 -5.470973321 4.980047656 0.038020469 -0.378541299 -0.165292920 0.909911633
1403638166.895097017 -9.224672968 -5.569144262 5.086507787 0.010026469 -0.386408335 -0.151111537 0.909809525
1403638167.095097065 -9.085552597 -5.655462363 5.215931451 -0.010864599 -0.383546706 -0.158490689 0.909755234
1403638167.245096922 -8.995483659 -5.739571656 5.328752809 -0.004957262 -0.379851968 -0.168630871 0.909533692
1403638167.445096970 -8.898311365 -5.884886050 5.485172221 0.003238234 -0.378708844 -0.169145712 0.909922444
1403638167.645097017 -8.824854760 -6.028188449 5.663233307 0.012532856 -0.382648825 -0.151453023 0.911309380
1403638167.795097113 -8.772984116 -6.121183525 5.815447891 0.013820126 -0.377561650 -0.132519310 0.916348644
1403638167.945096970 -8.714668352 -6.211225865 5.976822982 0.013846415 -0.361850542 -0.116927189 0.924770509
1403638168.045096874 -8.669204948 -6.272128025 6.089834584 0.015089387 -0.348146188 -0.109932405 0.930849831
1403638168.195096970 -8.602896550 -6.374681797 6.271267254 0.017924191 -0.329831424 -0.101943925 0.938348225
1403638168.295097113 -8.549519591 -6.453323173 6.393879898 0.019450585 -0.313304615 -0.101940803 0.943965024
1403638168.395097017 -8.498527883 -6.537096702 6.514130540 0.023482893 -0.295896663 -0.098260581 0.949862399
1403638168.495097160 -8.442913835 -6.624842610 6.637691548 0.023609292 -0.278795262 -0.103362628 0.954479948
1403638168.845097065 -8.264798062 -6.878058386 7.081774120 0.012380462 -0.244448095 -0.129030187 0.960959450
1403638169.095097065 -8.184439978 -7.035385440 7.422787294 0.021012609 -0.248425896 -0.127356580 0.960012159
1403638169.295097113 -8.148320910 -7.134320324 7.703385779 0.030288954 -0.261268216 -0.101947801 0.959389464
1403638169.445096970 -8.118384730 -7.203034924 7.919560737 0.040068526 -0.261206204 -0.067315042 0.962099016
1403638169.595097065 -8.063801182 -7.278094665 8.136871730 0.047771384 -0.241984455 -0.050496324 0.967786929
1403638170.045096874 -7.823655740 -7.555309511 8.723429699 0.070897398 -0.122422586 -0.059569957 0.988148617
1403638170.195096970 -7.741704700 -7.650907131 8.881034479 0.075377975 -0.089151089 -0.037633147 0.992448483
1403638170.345097065 -7.653879074 -7.724230451 9.027337876 0.070180014 -0.057978261 -0.011718421 0.995779075
1403638170.545096874 -7.525168738 -7.793671385 9.203677556 0.061758493 -0.018004376 0.021380774 0.997699651
1403638170.695096970 -7.413429401 -7.843197219 9.313738825 0.070169073 0.010622986 0.043374132 0.996535066
1403638170.945096970 -7.207587674 -7.937124370 9.451574000 0.070247561 0.063006459 0.061349916 0.993645638
1403638171.445096970 -6.704596592 -8.010087413 9.615013887 0.080115296 0.123164538 0.088089004 0.985216912
1403638171.695096970 -6.422332289 -7.988267988 9.617637288 0.089118682 0.137872737 0.103424503 0.980995587
1403638171.945096970 -6.096132771 -7.941847377 9.556383344 0.100372517 0.157659004 0.117411473 0.975337656
1403638172.145097017 -5.814383395 -7.897170369 9.437356187 0.101332253 0.171871173 0.112509789 0.973413387
1403638172.345097065 -5.522829059 -7.813927343 9.283341801 0.098549560 0.176864600 0.109506622 0.973147058
1403638172.545096874 -5.223685945 -7.679161504 9.102697219 0.103965560 0.174248672 0.110763574 0.972913148
1403638172.745096922 -4.918595723 -7.494866747 8.892376799 0.106481697 0.167867041 0.113240373 0.973477746
1403638172.945096970 -4.605553875 -7.269261295 8.649072919 0.105061897 0.159552099 0.117307791 0.974548104
1403638173.095097065 -4.359132870 -7.079030722 8.440746305 0.095381223 0.150824474 0.123940832 0.976111198
1403638173.195096970 -4.189785395 -6.940478576 8.295624811 0.087668756 0.148829999 0.123000913 0.977258715
1403638173.295097113 -4.012911909 -6.790157472 8.146553525 0.082583370 0.150883510 0.114807020 0.978383106
1403638173.445096970 -3.745511293 -6.560843817 7.922388232 0.073755902 0.159983900 0.093168948 0.979941205
1403638173.545096874 -3.575277152 -6.391045211 7.769681500 0.068905587 0.166055275 0.081223059 0.980347122
1403638173.645097017 -3.397388098 -6.218467569 7.618400957 0.066825737 0.168481137 0.076651872 0.980445265
1403638173.745096922 -3.221926771 -6.047284096 7.453842593 0.065451086 0.169246289 0.076780263 0.980396165
1403638173.845097065 -3.046951396 -5.869727250 7.293644694 0.063293441 0.169626549 0.078753321 0.980315607
1403638173.945096970 -2.845890291 -5.703158275 7.116974650 0.063010932 0.169170051 0.078018877 0.980471402
1403638174.045096874 -2.669604234 -5.570719905 6.931888787 0.057717450 0.168929107 0.079069133 0.980754671
1403638174.145097017 -2.503372492 -5.409958485 6.762448684 0.056653341 0.169182051 0.078370238 0.980829210
1403638174.245096922 -2.339544321 -5.252614236 6.590595004 0.048284717 0.169008161 0.078456715 0.981299838
1403638174.345097065 -2.187856058 -5.088929506 6.422912201 0.039013777 0.168541711 0.079060780 0.981743862
1403638174.495097160 -1.954415667 -4.842258635 6.181751035 0.029636656 0.166479181 0.081439874 0.982229045
1403638174.645097017 -1.717602861 -4.602533819 5.942853896 0.018683782 0.166784116 0.078369089 0.982696424
1403638174.795097113 -1.495254499 -4.373592580 5.710234238 0.007680014 0.167713846 0.075697394 0.982895207
1403638174.945096970 -1.270091601 -4.166865269 5.487257239 0.002905130 0.168953457 0.073692094 0.982861010
1403638175.095097065 -1.040584727 -3.987333200 5.273693053 0.003092593 0.170106190 0.073636682 0.982665741
1403638175.245096922 -0.823937555 -3.820542194 5.073016593 0.002701607 0.174010912 0.070435098 0.982217797
1403638175.395097017 -0.606680158 -3.678638653 4.884396023 -0.010668363 0.176236969 0.069758892 0.981814857
1403638175.595097065 -0.336495288 -3.524606702 4.662947474 -0.036225835 0.178578701 0.065786789 0.981055266
1403638175.795097113 -0.061856503 -3.424889400 4.487904940 -0.057695757 0.175670057 0.068691824 0.980353336
1403638175.995097160 0.211029842 -3.324208908 4.389213635 -0.058638537 0.178178994 0.055441011 0.980683467
1403638176.195096970 0.474811362 -3.247822257 4.357472372 -0.012327516 0.182115956 0.041199938 0.982336183
1403638176.445096970 0.771577888 -3.201340244 4.354336767 0.019938864 0.182488977 0.042875858 0.982070199
1403638176.745096922 1.056688980 -3.202794862 4.357679265 0.015874222 0.184502290 0.041772464 0.981815652
1403638177.145097017 1.333213400 -3.249800293 4.386715018 0.012231221 0.184603124 0.043530071 0.981772487
1403638178.395097017 1.832197504 -3.213111506 4.757830410 0.056660902 0.233415801 0.104703552 0.965061538
1403638178.845097065 2.036182453 -3.182127719 4.719450479 0.034621310 0.328001434 0.159791906 0.930420857
1403638179.045096874 2.144193188 -3.133259328 4.690075360 0.015868646 0.353484053 0.171087046 0.919525113
1403638179.245096922 2.264143422 -3.063758982 4.667147883 -0.000574956 0.373219212 0.170567040 0.911928711
1403638179.445096970 2.400989170 -2.993741442 4.655251179 0.000221226 0.400902180 0.176460943 0.898965477
1403638179.595097065 2.513327700 -2.946099159 4.653786205 0.016199874 0.429303885 0.185647897 0.883725408
1403638179.895097017 2.758898175 -2.860574297 4.641258862 0.021796304 0.489589999 0.207591672 0.846600408
1403638180.095097065 2.914335683 -2.822840771 4.600209251 0.009786889 0.512240297 0.226913332 0.828265920
1403638180.345097065 3.126018840 -2.782037947 4.555008892 0.005833859 0.523720402 0.234596919 0.818930518
1403638181.045096874 3.815654468 -2.636666143 4.461686881 -0.006672432 0.514961826 0.228988467 0.826035156
1403638181.295097113 4.103911945 -2.592128712 4.447015865 0.013322597 0.512843073 0.231261300 0.826639403
1403638181.445096970 4.293659388 -2.548082611 4.439779229 0.030114530 0.524656993 0.240149719 0.816183967
1403638181.995097160 4.950040022 -2.365901124 4.264875790 0.021535859 0.622172096 0.258189190 0.738766832
1403638182.245096922 5.215214845 -2.334883172 4.122800981 0.007741256 0.634877075 0.280587909 0.719820532
1403638182.595097065 5.605265834 -2.281224594 3.910804142 -0.011240706 0.637069363 0.282781876 0.716973280
1403638182.845097065 5.921381579 -2.278524063 3.740504150 -0.012755857 0.634022240 0.277551016 0.721677574
1403638183.295097113 6.532975630 -2.226213849 3.476991596 -0.004064242 0.636416959 0.255787250 0.727687996
1403638183.545096874 6.873245098 -2.163932363 3.362396594 -0.023503735 0.630969681 0.265737903 0.728497222
1403638183.795097113 7.241174612 -2.113372995 3.270937636 -0.010308171 0.637076823 0.251260272 0.728625513
1403638184.295097113 7.965794062 -2.130444038 3.127379421 -0.015553683 0.635575792 0.260181595 0.726709731
1403638184.545096874 8.335324750 -2.141498000 3.098517314 -0.007991201 0.640325802 0.251472997 0.725727456
1403638184.795097113 8.696553677 -2.153899266 3.087928376 -0.003697644 0.641442101 0.250803486 0.725007566
1403638185.045096874 9.054455978 -2.176058214 3.093413175 -0.002092927 0.642755531 0.249978849 0.724135016
1403638185.545096874 9.734484201 -2.266275566 3.153892592 -0.007826663 0.639189695 0.224733526 0.735438726
1403638185.795097113 10.054318780 -2.342322633 3.233235761 0.005664267 0.615806117 0.220984321 0.756251726
1403638186.045096874 10.344713440 -2.414855441 3.330288334 0.017226227 0.591784110 0.252290588 0.765404653
1403638186.295097113 10.635202185 -2.452883465 3.417806695 0.003907636 0.593547163 0.241237808 0.767783052
1403638186.795097113 11.210471237 -2.592308801 3.589312473 -0.009850615 0.600355188 0.222927919 0.767971195
1403638187.045096874 11.483009814 -2.652057360 3.715919943 -0.011055275 0.575110804 0.209541847 0.790706999
1403638187.445096970 11.899031932 -2.826826017 3.946685020 0.034440814 0.493153968 0.173462671 0.851776788
1403638187.695096970 12.104801473 -2.975722177 4.068785847 0.023528505 0.467411595 0.170507464 0.867121684
1403638187.945096970 12.297580915 -3.083290429 4.196499195 0.015408709 0.468208776 0.157547248 0.869322712
1403638188.145097017 12.421783506 -3.157156706 4.309309099 0.018596585 0.478267819 0.140064123 0.866773385
1403638188.645097017 12.571727027 -3.285795668 4.636309097 0.084620272 0.479881828 0.142695127 0.861505044
1403638188.895097017 12.478305739 -3.357532003 4.714001120 0.063974502 0.460797130 0.148153250 0.872710652
1403638189.145097017 12.343230764 -3.458501621 4.750891174 0.056582073 0.439785159 0.148666389 0.883903721
1403638189.345097065 12.201505987 -3.507308978 4.787363506 0.050977035 0.406205048 0.145494293 0.900683192
1403638189.545096874 12.052756791 -3.555904379 4.777317793 0.020709439 0.375122702 0.147134218 0.914989398
1403638189.795097113 11.857438085 -3.639690297 4.789745138 0.002136024 0.356485783 0.155779988 0.921219800
1403638190.045096874 11.701131922 -3.681475280 4.816321452 -0.004656284 0.355151708 0.155353156 0.921797690
1403638190.295097113 11.601052733 -3.717106884 4.869000313 0.024267882 0.366256268 0.129330463 0.921162878
1403638190.545096874 11.473104697 -3.717171203 4.949699052 0.030777531 0.360621684 0.094970610 0.927353939
1403638190.795097113 11.291105725 -3.721704324 5.042953327 0.031282906 0.344295106 0.102145989 0.932763880
1403638191.545096874 10.665728843 -3.881863898 5.165847450 0.012045144 0.328608465 0.127533859 0.935738482
1403638191.795097113 10.463519637 -3.930233585 5.220431077 0.007601963 0.333995952 0.117045559 0.935248230
1403638192.045096874 10.255673032 -3.972164900 5.318720099 0.006787441 0.335992232 0.114237567 0.934886586
1403638192.295097113 10.047294855 -4.059214141 5.406423090 0.019087027 0.333718582 0.118086614 0.935052483
1403638192.445096970 9.924048793 -4.144627822 5.460567182 0.028449118 0.332846730 0.118635757 0.935055752
1403638192.645097017 9.754736992 -4.281079131 5.515695768 0.042911645 0.334250224 0.115006826 0.934456424
1403638192.895097017 9.518724505 -4.431388796 5.569150827 0.073386782 0.333074846 0.118065373 0.932596427
1403638193.095097065 9.297385140 -4.521160530 5.599317737 0.099985800 0.322116609 0.129864061 0.932404985
1403638193.245096922 9.128816054 -4.558323460 5.580880037 0.083179873 0.311019368 0.124654474 0.938514424
1403638193.445096970 8.893260937 -4.634760265 5.506514310 0.069451282 0.304913043 0.108367495 0.943642433
1403638193.595097065 8.716030880 -4.688808211 5.430382306 0.067760008 0.301090630 0.104117435 0.945469499
1403638193.795097113 8.468121034 -4.761691337 5.327145583 0.042198659 0.294734825 0.112317823 0.948016541
1403638194.045096874 8.151304490 -4.736641728 5.196531951 0.033404039 0.293511274 0.116876804 0.948195715
1403638194.245096922 7.906003474 -4.712505185 5.096021590 0.050102256 0.297740497 0.111384554 0.946801902
1403638194.495097160 7.594097442 -4.677333759 4.968450706 0.037733414 0.296178847 0.119166231 0.946917995
1403638194.745096922 7.290198607 -4.669394146 4.832180188 0.017134508 0.296011368 0.124054730 0.946939334
1403638194.995097160 7.012564147 -4.649821048 4.708108026 0.004625765 0.296957952 0.125341319 0.946617204
1403638195.245096922 6.759389840 -4.604647033 4.620887219 -0.011200122 0.294779536 0.130397039 0.946560191
1403638195.495097160 6.540832445 -4.553168969 4.580801182 -0.007367919 0.294610029 0.131072671 0.946557235
1403638195.995097160 6.193820468 -4.494255363 4.594606175 -0.005574064 0.293729117 0.130125922 0.946973801
1403638196.445096970 5.981787924 -4.575733606 4.622761518 0.014794179 0.296314060 0.123573834 0.946946998
1403638197.345097065 5.768866907 -4.693082463 4.898811717 0.020831668 0.304400631 0.109443281 0.946006589
1403638197.995097160 5.621178203 -4.977606322 5.091705473 0.051759241 0.304319099 0.105777879 0.945262877
1403638198.345097065 5.485161355 -4.963065242 5.232950828 0.044490757 0.302072289 0.111063282 0.945747246
1403638198.595097065 5.370345351 -4.900859883 5.333240431 0.028402431 0.309927367 0.088724713 0.946185106
1403638199.345097065 4.671848271 -4.895416228 5.640281573 0.039118810 0.320094924 0.062775178 0.944493640
1403638199.795097113 3.945718799 -5.135543388 5.787778893 0.028157740 0.297264327 0.067764486 0.951971132
1403638199.945096970 3.662161834 -5.213908635 5.844559756 0.028817460 0.281358785 0.082619572 0.955604936
1403638200.095097065 3.369216471 -5.280428627 5.902040590 0.029795426 0.268499067 0.079297755 0.959547992
1403638200.245096922 3.084343028 -5.354537236 5.957301511 0.039639260 0.251159162 0.060516603 0.965238595
1403638200.395097017 2.782310975 -5.464956670 6.014618059 0.049188591 0.228745418 0.044859172 0.971207326
1403638200.545096874 2.457961544 -5.548359915 6.059356032 0.047197495 0.214265328 0.024779653 0.975319811
1403638200.645097017 2.243492363 -5.609842419 6.080721962 0.045548013 0.202470137 0.012892497 0.978143653
1403638200.795097113 1.896668364 -5.716592210 6.106217295 0.039005953 0.186554269 -0.001652693 0.981668635
1403638201.395097017 0.392920700 -6.008971691 6.258166225 0.041247895 0.159556172 0.031219012 0.985832548
1403638201.545096874 0.009611041 -6.039154417 6.310638736 0.044236914 0.162524407 0.031623224 0.985204996
1403638201.695096970 -0.372528493 -6.057340005 6.360643417 0.047441271 0.164908145 0.032609350 0.984627473
1403638201.845097065 -0.761471925 -6.059389654 6.414110102 0.048643979 0.165897530 0.035167681 0.984314486
1403638202.145097017 -1.545430037 -6.057303021 6.494798961 0.042063888 0.144850301 0.039906420 0.987753257
1403638202.295097113 -1.921608814 -6.065880047 6.517849720 0.032246867 0.131930192 0.047375093 0.989601013
1403638202.445096970 -2.307644463 -6.081683225 6.544550205 0.029602863 0.126426181 0.048803723 0.990332413
1403638202.595097065 -2.681808555 -6.092452409 6.575841340 0.027680704 0.123129644 0.052622672 0.990607755
1403638202.695096970 -2.917973174 -6.102131327 6.602101798 0.024720828 0.122320325 0.054178931 0.990702409
1403638203.095097065 -3.854813096 -6.157119354 6.714488113 0.024913953 0.125862686 0.055964776 0.990154444
1403638203.195096970 -4.081665593 -6.150151888 6.737726199 0.029892949 0.128398886 0.052550991 0.989878038
1403638203.395097017 -4.495615202 -6.162490352 6.774024201 0.037279809 0.128297583 0.052855217 0.989624309
1403638203.595097065 -4.892941083 -6.157850882 6.807946239 0.036946770 0.126491286 0.058014045 0.989580346
1403638203.795097113 -5.267534672 -6.158967067 6.826704998 0.035109148 0.126664258 0.056808561 0.989695054
1403638203.995097160 -5.631542377 -6.179255178 6.822875110 0.035130010 0.125187323 0.056621699 0.989892923
1403638204.245096922 -6.058546458 -6.228735129 6.793829761 0.024980564 0.118811806 0.067078941 0.990333349
1403638204.495097160 -6.434774298 -6.297483355 6.757667719 0.011804169 0.110375837 0.093040322 0.989455070
1403638204.795097113 -6.806907718 -6.343695868 6.736230414 0.015798266 0.097974186 0.072608247 0.992410961
1403638205.095097065 -7.122199177 -6.323782307 6.728082966 0.024661040 0.032305695 0.004926739 0.999161600
1403638205.245096922 -7.288653811 -6.313791076 6.727326056 0.029000377 -0.031031106 -0.022196178 0.998851029
1403638205.395097017 -7.465059659 -6.323760497 6.715337594 0.038238214 -0.099609387 -0.050078967 0.993029660
1403638205.545096874 -7.626323325 -6.342782636 6.694720867 0.050440149 -0.149597354 -0.083511146 0.983921903
1403638205.695096970 -7.793263133 -6.371931747 6.662098097 0.067620409 -0.173907341 -0.113005771 0.975916704
1403638205.845097065 -7.952219059 -6.406330722 6.606863643 0.075059226 -0.198582915 -0.128055224 0.968779024
1403638205.945096970 -8.077143623 -6.430886666 6.555390853 0.073292500 -0.219712450 -0.134206214 0.963505756
1403638206.045096874 -8.202784996 -6.460106249 6.489823768 0.069792199 -0.244721210 -0.137812544 0.957208588
1403638206.195096970 -8.396909305 -6.501795841 6.380506152 0.071484891 -0.280496877 -0.145121534 0.946124280
1403638206.345097065 -8.606029270 -6.525360329 6.261297684 0.072132095 -0.314330085 -0.144036600 0.935546373
1403638206.445096970 -8.738920975 -6.537286691 6.173082380 0.070696224 -0.330831567 -0.138994552 0.930716408
1403638206.545096874 -8.871815055 -6.540194882 6.083483177 0.071711711 -0.341240809 -0.134887174 0.927479159
1403638206.645097017 -8.999761007 -6.532185156 5.996314076 0.073749907 -0.347407944 -0.132984616 0.925301985
1403638206.795097113 -9.184302218 -6.505009289 5.858775765 0.072107888 -0.361092087 -0.134721373 0.919925600
1403638206.895097017 -9.297917111 -6.474883884 5.770256921 0.073027969 -0.368248596 -0.136345134 0.916771450
1403638206.995097160 -9.405400199 -6.442785111 5.674596947 0.075657339 -0.374345983 -0.134238990 0.914396493
1403638207.095097065 -9.506796871 -6.400322513 5.580832532 0.079431800 -0.377568973 -0.133984036 0.912787236
1403638207.245096922 -9.646397842 -6.325072736 5.437275720 0.080079515 -0.383890939 -0.133209296 0.910203440
1403638207.345097065 -9.732514675 -6.262461019 5.337569155 0.082645844 -0.393557430 -0.134764176 0.905605229
1403638207.445096970 -9.812169734 -6.193937153 5.236582438 0.086148275 -0.407987228 -0.138621691 0.898281094
1403638207.545096874 -9.881259879 -6.128331986 5.130389783 0.084893256 -0.426438560 -0.144436997 0.888865143
1403638207.645097017 -9.936316974 -6.062994178 5.017111615 0.075001663 -0.441415304 -0.152469741 0.881067681
1403638207.795097113 -10.005945677 -5.975993978 4.835300380 0.058271646 -0.456378802 -0.160779326 0.873196892
1403638207.895097017 -10.046368014 -5.927621166 4.713121821 0.046583937 -0.461297765 -0.165016540 0.870519299
1403638208.095097065 -10.114430458 -5.853574755 4.475107844 0.042366428 -0.463567568 -0.168377723 0.868883846
1403638208.445096970 -10.191543259 -5.679452490 4.105667310 0.045312048 -0.460962548 -0.166405325 0.870499636
1403638208.595097065 -10.207269549 -5.601574041 3.952718664 0.040092586 -0.469383109 -0.172356523 0.865081100
1403638208.745096922 -10.217937636 -5.536191732 3.804898417 0.039313717 -0.485124740 -0.175561524 0.855737442
1403638208.895097017 -10.224559366 -5.484624294 3.657065837 0.041927438 -0.495951570 -0.179573608 0.848544312
1403638209.095097065 -10.219409369 -5.403312030 3.478033203 0.043136750 -0.504725750 -0.182023036 0.842768505
1403638209.395097017 -10.197547269 -5.241767088 3.240365924 0.040363257 -0.508809660 -0.181182027 0.840628700
1403638209.645097017 -10.162040765 -5.062313846 3.069842041 0.043592383 -0.509286584 -0.176299893 0.841216516
1403638209.845097065 -10.120502134 -4.852202959 2.983157211 0.046180944 -0.506004814 -0.180350415 0.842199606
1403638210.095097065 -10.052172078 -4.549783044 2.888142653 0.063062983 -0.506107002 -0.174767197 0.842220392
1403638210.345097065 -9.944569463 -4.261923391 2.794700295 0.069220435 -0.507188578 -0.170415523 0.841977926
1403638210.845097065 -9.603288052 -3.687853190 2.603806094 0.065918981 -0.507749382 -0.165225226 0.842938834
1403638211.145097017 -9.324607114 -3.384768010 2.466064059 0.048394276 -0.506881164 -0.170805745 0.843537123
1403638211.445096970 -9.006984896 -3.130658080 2.318420680 0.042605559 -0.496157208 -0.167969074 0.850763881
1403638211.795097113 -8.604426970 -2.822564393 2.205677493 0.037061922 -0.440214999 -0.133564813 0.887128858
1403638212.095097065 -8.218080078 -2.582893848 2.141269080 0.032940550 -0.370178113 -0.099715912 0.923005862
1403638212.345097065 -7.869232360 -2.446525639 2.081988224 0.036833048 -0.307928767 -0.083098550 0.947057460
1403638212.595097065 -7.494087305 -2.359048418 2.033678237 0.038640488 -0.248130281 -0.061478190 0.966001402
1403638212.745096922 -7.259722363 -2.321158913 2.001951742 0.036512565 -0.211057718 -0.048454256 0.975588877
1403638212.895097017 -7.019040414 -2.301339746 1.961662509 0.036061986 -0.172305534 -0.030891074 0.983898408
1403638213.045096874 -6.774076802 -2.296767967 1.915841033 0.034454023 -0.129352683 -0.014894812 0.990887960
1403638213.195096970 -6.537958289 -2.300683524 1.901819474 0.027725732 -0.087862159 0.006857079 0.995723107
1403638213.295097113 -6.360726443 -2.296695883 1.882263279 0.016060882 -0.062492650 0.026872391 0.997554305
1403638213.395097017 -6.186007802 -2.279757123 1.871779584 0.005006508 -0.037218918 0.048623748 0.998110925
1403638213.495097160 -6.015151158 -2.266613744 1.856295384 -0.001104352 -0.011931512 0.070266572 0.997456279
1403638213.595097065 -5.831359983 -2.252799640 1.856424406 0.003894757 0.014224246 0.077403663 0.996890754
1403638213.695096970 -5.637209990 -2.242191563 1.856085590 0.019608135 0.038088347 0.069478986 0.996663167
1403638213.845097065 -5.340800306 -2.234906246 1.845968402 0.034371043 0.061817331 0.054513150 0.996004802
1403638213.995097160 -5.043870617 -2.240920061 1.835454667 0.035020635 0.068880316 0.050408479 0.995734926
1403638214.295097113 -4.461057107 -2.272196960 1.804014718 0.003287287 0.064091637 0.044906171 0.996927726
1403638214.445096970 -4.174989904 -2.279452779 1.802000425 -0.002617915 0.058750280 0.040982668 0.997427678
1403638214.595097065 -3.891368754 -2.288324565 1.818250026 0.012268313 0.054891222 0.036349777 0.997755048
1403638214.795097113 -3.519627262 -2.282292826 1.853667508 0.033417737 0.049631769 0.032014949 0.997694836
1403638215.795097113 -1.865257701 -2.101219890 2.027904967 0.039953237 0.049019658 0.020626460 0.997785228
1403638216.045096874 -1.527434427 -2.051160139 2.045993079 0.039909653 0.059058737 0.028789387 0.997040850
1403638216.345097065 -1.142885336 -2.003827617 2.047804178 0.042772371 0.067772144 0.026595608 0.996428690
1403638216.645097017 -0.803707159 -1.971539149 2.011863636 0.041559991 0.072201934 0.023117923 0.996255594
1403638217.245096922 -0.247139262 -1.800703259 1.932767979 0.036549444 0.120546385 0.048612718 0.990842828
1403638217.645097017 0.052233561 -1.703659673 1.844714440 0.026589217 0.146467458 0.045348094 0.987817720
1403638218.695096970 0.326603363 -1.675761188 1.604183524 0.035879777 0.136516694 0.040990528 0.989138823
1403638219.745096922 0.186541500 -1.573378225 1.330273623 0.052678176 0.161264508 0.074062019 0.982717449
1403638220.795097113 0.110030281 -1.338543217 0.794245090 0.027880005 0.169347789 0.062786590 0.983159131
1403638221.845097065 -0.020501225 -1.084587049 0.363048029 0.026591068 0.168641187 0.080169157 0.982051919
1403638222.895097017 -0.111445612 -0.922344868 0.075268956 0.033640048 0.172572743 0.069391197 0.981973450
1403638223.545096874 -0.174278647 -0.812130113 -0.035961936 0.023917943 0.161416350 0.098529963 0.981664169
1403638223.695096970 -0.172877768 -0.787026088 -0.048219142 0.025144425 0.167459084 0.084110462 0.981962649
1403638225.495097160 -0.194139764 -0.630213130 -0.075748770 0.029758037 0.169838589 0.067777315 0.982687920
1403638225.645097017 -0.194584482 -0.620613159 -0.063936770 0.056167989 0.172325521 0.063106253 0.981410553
1403638225.795097113 -0.210180996 -0.595356563 -0.054610262 0.044099619 0.171905645 0.063943383 0.982046290
1403638225.945096970 -0.219489261 -0.535559857 -0.041180271 0.015242948 0.169994417 0.066614687 0.983072751
1403638226.045096874 -0.233285662 -0.546819495 0.014724588 -0.001643075 0.166354826 0.071422326 0.983474567
1403638226.145097017 -0.268053954 -0.532765524 -0.066008164 0.001361740 0.154584420 0.095355773 0.983366198
1403638226.245096922 -0.256680965 -0.513463403 -0.053299517 -0.008371787 0.166942882 0.067878422 0.983591636
1403638226.345097065 -0.279822100 -0.523079899 -0.052341142 -0.002894891 0.165843452 0.069678366 0.983683127
1403638226.495097160 -0.279913607 -0.522947048 -0.052000744 -0.002395806 0.165801136 0.069702127 0.983689919
1403638227.445096970 -0.279548344 -0.522555114 -0.055398581 -0.002099924 0.165728126 0.069841587 0.983693007
1403638228.495097160 -0.278878221 -0.523580569 -0.057471887 -0.002091109 0.165701252 0.069589360 0.983715428
